120536,149,2007-03-09T13:05:00.000-08:00,6,12,0.5
120536,1979,2007-07-23T19:05:00.000-07:00,18,71,0.254
120536,202,2007-03-12T13:05:00.000-07:00,10,21,0.476
120536,2022,2007-07-26T19:05:00.000-07:00,23,74,0.311
120536,2336,2007-08-18T18:05:00.000-07:00,28,105,0.267
120536,2407,2007-08-23T19:10:00.000-07:00,33,120,0.275
120536,2438,2007-08-25T19:10:00.000-07:00,35,128,0.273
120536,2514,2007-08-31T19:05:00.000-07:00,39,145,0.269
120536,2578,2007-09-04T19:05:00.000-07:00,46,162,0.284
120536,2670,2007-09-11T19:05:00.000-07:00,51,181,0.282
120536,403,2007-03-26T13:05:00.000-07:00,18,48,0.375
120536,45,2007-03-03T13:05:00.000-08:00,3,5,0.6
120536,533,2007-04-05T19:05:00.000-07:00,23,73,0.315
120536,544,2007-04-06T19:05:00.000-07:00,25,76,0.329
120536,559,2007-04-07T18:05:00.000-07:00,27,80,0.338
120536,605,2007-04-11T12:35:00.000-07:00,33,96,0.344
120536,634,2007-04-13T19:05:00.000-07:00,34,100,0.34
120536,754,2007-04-22T14:05:00.000-07:00,37,126,0.294
120536,878,2007-05-01T19:05:00.000-07:00,46,156,0.295
120536,95,2007-03-06T13:05:00.000-08:00,4,9,0.444
120536,2614,2007-09-07T19:05:00.000-07:00,48,171,0.281
120536,393,2007-03-25T13:05:00.000-07:00,17,46,0.37
120536,428,2007-03-28T13:05:00.000-07:00,19,51,0.373
120536,649,2007-04-14T18:05:00.000-07:00,34,106,0.321
120536,782,2007-04-24T15:05:00.000-07:00,39,133,0.293
120536,1927,2007-07-20T19:05:00.000-07:00,16,71,0.225
120536,1992,2007-07-24T19:05:00.000-07:00,19,69,0.275
120536,2008,2007-07-25T12:35:00.000-07:00,21,70,0.3
120536,2052,2007-07-28T13:05:00.000-07:00,24,73,0.329
120536,2068,2007-07-29T13:05:00.000-07:00,27,78,0.346
120536,2085,2007-07-31T19:05:00.000-07:00,28,81,0.346
120536,2100,2007-08-01T12:35:00.000-07:00,28,81,0.346
120536,2109,2007-08-02T19:05:00.000-07:00,26,80,0.325
120536,2171,2007-08-06T19:35:00.000-07:00,28,82,0.341
120536,2199,2007-08-08T19:35:00.000-07:00,25,83,0.301
120536,2264,2007-08-13T19:05:00.000-07:00,23,85,0.271
120536,2287,2007-08-15T19:05:00.000-07:00,24,93,0.258
120536,2362,2007-08-20T19:07:00.000-07:00,28,110,0.255
120536,2467,2007-08-27T19:05:00.000-07:00,35,131,0.267
120536,2483,2007-08-28T19:05:00.000-07:00,36,135,0.267
120536,2498,2007-08-29T12:35:00.000-07:00,38,140,0.271
120536,2530,2007-09-01T12:55:00.000-07:00,41,149,0.275
120536,2545,2007-09-02T13:05:00.000-07:00,42,154,0.273
120536,2563,2007-09-03T18:05:00.000-07:00,45,158,0.285
120536,2745,2007-09-16T13:05:00.000-07:00,54,186,0.29
120536,2772,2007-09-18T19:05:00.000-07:00,54,188,0.287
120536,281,2007-03-18T13:05:00.000-07:00,13,29,0.448
120536,2811,2007-09-21T19:05:00.000-07:00,54,189,0.286
120536,2841,2007-09-23T13:05:00.000-07:00,54,192,0.281
120536,2896,2007-09-28T19:05:00.000-07:00,55,201,0.274
120536,2911,2007-09-29T13:05:00.000-07:00,55,202,0.272
120536,2926,2007-09-30T13:05:00.000-07:00,56,206,0.272
120536,312,2007-03-20T13:05:00.000-07:00,14,34,0.412
120536,510,2007-04-03T19:05:00.000-07:00,19,63,0.302
120536,578,2007-04-09T19:05:00.000-07:00,31,88,0.352
120536,591,2007-04-10T19:05:00.000-07:00,32,92,0.348
120536,690,2007-04-18T12:35:00.000-07:00,35,116,0.302
120536,770,2007-04-23T19:05:00.000-07:00,39,131,0.298
120536,82,2007-03-05T13:05:00.000-08:00,3,8,0.375
120536,856,2007-04-29T13:05:00.000-07:00,45,151,0.298
120536,185,2007-03-11T13:05:00.000-07:00,9,18,0.5
120536,2184,2007-08-07T19:35:00.000-07:00,27,83,0.325
120536,2254,2007-08-12T13:05:00.000-07:00,22,81,0.272
120536,2878,2007-09-26T17:00:00.000-07:00,55,197,0.279
120536,33,2007-03-02T13:05:00.000-08:00,1,3,0.333
120536,471,2007-03-30T19:15:00.000-07:00,19,54,0.352
120536,500,2007-04-02T15:35:00.000-07:00,19,60,0.317
120536,165,2007-03-10T13:05:00.000-08:00,8,15,0.533
120536,2075,2007-07-30T19:05:00.000-07:00,28,76,0.368
120536,2121,2007-08-03T19:05:00.000-07:00,27,80,0.338
120536,2136,2007-08-04T12:55:00.000-07:00,27,81,0.333
120536,2272,2007-08-14T19:05:00.000-07:00,23,89,0.258
120536,2321,2007-08-17T19:05:00.000-07:00,27,101,0.267
120536,2378,2007-08-21T19:07:00.000-07:00,29,115,0.252
120536,2423,2007-08-24T19:10:00.000-07:00,34,124,0.274
120536,2593,2007-09-05T12:35:00.000-07:00,48,167,0.287
120536,2629,2007-09-08T19:05:00.000-07:00,48,175,0.274
120536,329,2007-03-21T18:05:00.000-07:00,15,37,0.405
120536,377,2007-03-24T13:05:00.000-07:00,17,43,0.395
120536,491,2007-04-01T13:05:00.000-07:00,19,56,0.339
120536,523,2007-04-04T19:05:00.000-07:00,20,68,0.294
120536,661,2007-04-15T13:05:00.000-07:00,35,110,0.318
120536,675,2007-04-17T19:05:00.000-07:00,35,112,0.313
120536,724,2007-04-20T19:05:00.000-07:00,35,122,0.287
120536,797,2007-04-25T19:05:00.000-07:00,39,136,0.287
120536,808,2007-04-26T12:35:00.000-07:00,40,139,0.288
120536,842,2007-04-28T13:05:00.000-07:00,43,147,0.293
120536,893,2007-05-02T19:05:00.000-07:00,48,159,0.302
120536,2714,2007-09-14T19:05:00.000-07:00,54,185,0.292
120536,2301,2007-08-16T12:35:00.000-07:00,27,98,0.276
120536,272,2007-03-17T13:05:00.000-07:00,13,25,0.52
120536,361,2007-03-23T13:05:00.000-07:00,17,40,0.425
120536,2151,2007-08-05T13:05:00.000-07:00,26,79,0.329
120536,2656,2007-09-10T19:05:00.000-07:00,48,176,0.273
120536,308,2007-03-19T13:05:00.000-07:00,14,32,0.438
120536,1942,2007-07-21T18:05:00.000-07:00,17,70,0.243
120536,250,2007-03-16T19:05:00.000-07:00,11,23,0.478
120536,2686,2007-09-12T19:05:00.000-07:00,52,182,0.286
120536,573,2007-04-08T12:35:00.000-07:00,30,84,0.357
120536,827,2007-04-27T19:05:00.000-07:00,41,143,0.287
120536,2239,2007-08-11T19:05:00.000-07:00,22,76,0.289
120536,2453,2007-08-26T13:40:00.000-07:00,35,129,0.271
120536,2756,2007-09-17T19:05:00.000-07:00,54,187,0.289
134265,21,2007-03-01T13:05:00.000-08:00,3,3,1.0
134265,377,2007-03-24T13:05:00.000-07:00,10,30,0.333
134265,491,2007-04-01T13:05:00.000-07:00,12,40,0.3
134265,241,2007-03-15T13:05:00.000-07:00,4,13,0.308
134265,272,2007-03-17T13:05:00.000-07:00,6,18,0.333
134265,292,2007-03-18T13:05:00.000-07:00,7,22,0.318
134265,308,2007-03-19T13:05:00.000-07:00,7,23,0.304
134265,428,2007-03-28T13:05:00.000-07:00,10,35,0.286
134265,95,2007-03-06T13:05:00.000-08:00,4,11,0.364
134265,312,2007-03-20T13:05:00.000-07:00,9,26,0.346
134265,33,2007-03-02T13:05:00.000-08:00,3,4,0.75
134265,423,2007-03-27T13:05:00.000-07:00,10,34,0.294
134265,471,2007-03-30T19:15:00.000-07:00,10,36,0.278
134265,67,2007-03-04T13:05:00.000-08:00,4,9,0.444
134265,250,2007-03-16T19:05:00.000-07:00,5,15,0.333
134265,486,2007-03-31T13:05:00.000-07:00,11,37,0.297
134265,329,2007-03-21T18:05:00.000-07:00,9,27,0.333
150348,12042,2011-03-03T13:05:00.000-08:00,3,9,0.333
150348,12840,2011-04-23T13:07:00.000-07:00,20,69,0.29
150348,13012,2011-05-04T18:40:00.000-07:00,24,99,0.242
150348,8479,2009-08-30T13:35:00.000-07:00,11,44,0.25
150348,1684,2007-06-29T19:05:00.000-07:00,46,161,0.286
150348,1699,2007-06-30T19:05:00.000-07:00,47,162,0.29
150348,1838,2007-07-13T19:05:00.000-07:00,45,162,0.278
150348,9538,2010-04-09T15:05:00.000-07:00,10,34,0.294
150348,10147,2010-05-23T13:10:00.000-07:00,21,75,0.28
150348,10903,2010-07-21T13:10:00.000-07:00,13,68,0.191
150348,11313,2010-08-20T19:10:00.000-07:00,15,56,0.268
150348,11329,2010-08-21T19:10:00.000-07:00,16,57,0.281
150348,11858,2010-09-29T19:07:00.000-07:00,25,103,0.243
150348,12254,2011-03-15T13:05:00.000-07:00,8,25,0.32
150348,12297,2011-03-17T13:05:00.000-07:00,11,29,0.379
150348,12634,2011-04-09T18:05:00.000-07:00,16,47,0.34
150348,1278,2007-05-30T19:07:00.000-07:00,35,129,0.271
150348,13034,2011-05-06T19:07:00.000-07:00,26,106,0.245
150348,13098,2011-05-11T19:07:00.000-07:00,28,116,0.241
150348,1404,2007-06-08T19:40:00.000-07:00,37,136,0.272
150348,1570,2007-06-21T19:07:00.000-07:00,43,149,0.289
150348,1990,2007-07-24T19:07:00.000-07:00,41,164,0.25
150348,2006,2007-07-25T12:37:00.000-07:00,41,166,0.247
150348,2072,2007-07-29T13:05:00.000-07:00,42,166,0.253
150348,2150,2007-08-04T13:07:00.000-07:00,41,173,0.237
150348,2170,2007-08-06T13:07:00.000-07:00,41,171,0.24
150348,2522,2007-08-31T19:07:00.000-07:00,47,185,0.254
150348,2618,2007-09-07T19:10:00.000-07:00,48,194,0.247
150348,2747,2007-09-17T19:07:00.000-07:00,50,216,0.231
150348,2851,2007-09-24T13:05:00.000-07:00,46,209,0.22
150348,2866,2007-09-25T19:05:00.000-07:00,48,209,0.23
150348,3841,2008-04-27T13:10:00.000-07:00,14,54,0.259
150348,4975,2008-07-22T19:05:00.000-07:00,11,57,0.193
150348,5189,2008-08-07T19:07:00.000-07:00,14,66,0.212
150348,5246,2008-08-11T19:05:00.000-07:00,17,75,0.227
150348,5262,2008-08-12T19:05:00.000-07:00,18,78,0.231
150348,5336,2008-08-17T13:35:00.000-07:00,22,93,0.237
150348,5584,2008-09-05T19:07:00.000-07:00,31,139,0.223
150348,5952,2009-02-25T13:05:00.000-08:00,1,2,0.5
150348,619,2007-04-12T19:07:00.000-07:00,15,51,0.294
150348,6299,2009-03-21T13:05:00.000-07:00,6,38,0.158
150348,658,2007-04-15T13:07:00.000-07:00,18,57,0.316
150348,706,2007-04-19T12:37:00.000-07:00,20,63,0.317
150348,772,2007-04-23T19:05:00.000-07:00,23,67,0.343
150348,7796,2009-07-09T12:08:00.000-07:00,10,42,0.238
150348,8096,2009-08-02T13:05:00.000-07:00,11,42,0.262
150348,8449,2009-08-28T19:10:00.000-07:00,9,37,0.243
150348,8507,2009-09-01T03:33:00.000-07:00,15,52,0.288
150348,857,2007-04-29T13:07:00.000-07:00,28,81,0.346
150348,8626,2009-09-10T12:37:00.000-07:00,20,73,0.274
150348,8864,2009-09-27T13:07:00.000-07:00,26,106,0.245
150348,9221,2010-03-18T13:05:00.000-07:00,5,13,0.385
150348,9568,2010-04-11T13:35:00.000-07:00,13,38,0.342
150348,9633,2010-04-17T13:07:00.000-07:00,15,51,0.294
150348,9757,2010-04-25T13:40:00.000-07:00,16,59,0.271
150348,9850,2010-05-02T13:07:00.000-07:00,18,66,0.273
150348,13244,2011-05-21T13:07:00.000-07:00,31,133,0.233
150348,2135,2007-08-03T19:07:00.000-07:00,39,170,0.229
150348,2198,2007-08-08T19:07:00.000-07:00,40,171,0.234
150348,2685,2007-09-12T19:07:00.000-07:00,47,200,0.235
150348,4713,2008-06-30T19:10:00.000-07:00,11,50,0.22
150348,936,2007-05-05T19:05:00.000-07:00,28,93,0.301
150348,10888,2010-07-20T19:10:00.000-07:00,15,68,0.221
150348,13025,2011-05-05T13:10:00.000-07:00,25,102,0.245
150348,1593,2007-06-23T13:07:00.000-07:00,44,155,0.284
150348,2669,2007-09-11T19:07:00.000-07:00,47,198,0.237
150348,2718,2007-09-15T13:07:00.000-07:00,47,208,0.226
150348,3055,2008-03-03T13:05:00.000-08:00,1,5,0.2
150348,5009,2008-07-25T19:07:00.000-07:00,12,58,0.207
150348,7176,2009-05-24T13:30:00.000-07:00,12,71,0.169
150348,8933,2009-10-02T19:05:00.000-07:00,31,117,0.265
150348,907,2007-05-03T19:05:00.000-07:00,28,91,0.308
150348,9128,2010-03-11T13:05:00.000-08:00,3,11,0.273
150348,9352,2010-03-26T13:05:00.000-07:00,8,25,0.32
150348,473,2007-03-30T13:05:00.000-07:00,11,42,0.262
150348,5179,2008-08-06T19:07:00.000-07:00,12,63,0.19
150348,3414,2008-03-27T13:05:00.000-07:00,10,33,0.303
150348,8799,2009-09-23T19:07:00.000-07:00,22,93,0.237
150348,9390,2010-03-29T13:05:00.000-07:00,9,28,0.321
150348,103,2007-03-06T13:05:00.000-08:00,2,8,0.25
150348,1077,2007-05-16T19:07:00.000-07:00,29,111,0.261
150348,1363,2007-06-05T19:07:00.000-07:00,36,135,0.267
150348,1419,2007-06-09T19:10:00.000-07:00,38,139,0.273
150348,1434,2007-06-10T13:10:00.000-07:00,41,143,0.287
150348,1497,2007-06-15T19:07:00.000-07:00,41,141,0.291
150348,1512,2007-06-16T13:07:00.000-07:00,42,145,0.29
150348,1608,2007-06-24T13:07:00.000-07:00,43,153,0.281
150348,1628,2007-06-25T19:10:00.000-07:00,44,157,0.28
150348,1669,2007-06-28T12:10:00.000-07:00,44,157,0.28
150348,1743,2007-07-03T19:05:00.000-07:00,45,157,0.287
150348,1824,2007-07-12T19:05:00.000-07:00,45,158,0.285
150348,1912,2007-07-18T19:05:00.000-07:00,43,164,0.262
150348,2108,2007-08-01T15:10:00.000-07:00,44,174,0.253
150348,2183,2007-08-07T19:07:00.000-07:00,40,171,0.234
150348,2268,2007-08-13T19:10:00.000-07:00,41,170,0.241
150348,2269,2007-08-14T19:07:00.000-07:00,41,171,0.24
150348,2284,2007-08-15T19:07:00.000-07:00,41,173,0.237
150348,2314,2007-08-17T19:07:00.000-07:00,42,177,0.237
150348,2329,2007-08-18T13:07:00.000-07:00,44,176,0.25
150348,2344,2007-08-19T13:07:00.000-07:00,43,176,0.244
150348,2362,2007-08-20T19:07:00.000-07:00,44,175,0.251
150348,2378,2007-08-21T19:07:00.000-07:00,44,177,0.249
150348,2457,2007-08-26T12:35:00.000-07:00,47,182,0.258
150348,248,2007-03-15T19:05:00.000-07:00,6,19,0.316
150348,2483,2007-08-28T19:05:00.000-07:00,45,180,0.25
150348,2569,2007-09-03T19:05:00.000-07:00,46,190,0.242
150348,2633,2007-09-08T19:10:00.000-07:00,46,194,0.237
150348,2648,2007-09-09T13:40:00.000-07:00,47,194,0.242
150348,2703,2007-09-14T19:07:00.000-07:00,47,204,0.23
150348,2734,2007-09-16T13:07:00.000-07:00,49,213,0.23
150348,2998,2008-02-28T13:05:00.000-08:00,0,2,0.0
150348,3223,2008-03-13T13:05:00.000-07:00,3,17,0.176
150348,3311,2008-03-19T12:05:00.000-07:00,6,23,0.261
150348,3362,2008-03-23T13:05:00.000-07:00,8,27,0.296
150348,3395,2008-03-25T13:05:00.000-07:00,8,30,0.267
150348,3453,2008-03-29T13:05:00.000-07:00,11,36,0.306
150348,364,2007-03-23T13:05:00.000-07:00,8,30,0.267
150348,3680,2008-04-16T19:07:00.000-07:00,12,45,0.267
150348,3889,2008-05-02T19:07:00.000-07:00,14,57,0.246
150348,4394,2008-06-07T13:07:00.000-07:00,15,60,0.25
150348,4409,2008-06-08T13:07:00.000-07:00,15,61,0.246
150348,442,2007-03-28T13:05:00.000-07:00,10,39,0.256
150348,4579,2008-06-20T19:05:00.000-07:00,14,57,0.246
150348,4688,2008-06-29T13:07:00.000-07:00,12,51,0.235
150348,4828,2008-07-09T19:07:00.000-07:00,8,47,0.17
150348,4878,2008-07-12T13:07:00.000-07:00,9,52,0.173
150348,4947,2008-07-20T13:40:00.000-07:00,10,54,0.185
150348,5039,2008-07-27T13:07:00.000-07:00,13,58,0.224
150348,5087,2008-07-30T12:37:00.000-07:00,13,57,0.228
150348,5141,2008-08-03T19:05:00.000-07:00,13,60,0.217
150348,5150,2008-08-04T18:07:00.000-07:00,13,63,0.206
150348,5196,2008-08-08T19:07:00.000-07:00,14,68,0.206
150348,5211,2008-08-09T13:07:00.000-07:00,14,71,0.197
150348,5278,2008-08-13T19:05:00.000-07:00,19,82,0.232
150348,5291,2008-08-14T13:05:00.000-07:00,20,85,0.235
150348,5354,2008-08-19T19:07:00.000-07:00,22,96,0.229
150348,5401,2008-08-23T13:07:00.000-07:00,27,112,0.241
150348,5477,2008-08-28T19:10:00.000-07:00,28,125,0.224
150348,5522,2008-08-31T13:05:00.000-07:00,29,129,0.225
150348,5539,2008-09-02T19:07:00.000-07:00,29,133,0.218
150348,5637,2008-09-09T13:05:00.000-07:00,31,143,0.217
150348,5638,2008-09-09T19:11:00.000-07:00,33,147,0.224
150348,5677,2008-09-12T19:05:00.000-07:00,34,153,0.222
150348,5712,2008-09-14T13:35:00.000-07:00,34,157,0.217
150348,6027,2009-03-02T13:05:00.000-08:00,1,8,0.125
150348,6065,2009-03-04T13:05:00.000-08:00,2,13,0.154
150348,609,2007-04-11T19:07:00.000-07:00,13,49,0.265
150348,6131,2009-03-08T13:05:00.000-07:00,2,17,0.118
150348,6165,2009-03-11T13:05:00.000-07:00,3,22,0.136
150348,6194,2009-03-13T13:05:00.000-07:00,3,25,0.12
150348,6279,2009-03-19T19:15:00.000-07:00,5,35,0.143
150348,629,2007-04-13T19:07:00.000-07:00,16,55,0.291
150348,6336,2009-03-23T13:05:00.000-07:00,6,40,0.15
150348,6372,2009-03-26T13:05:00.000-07:00,7,42,0.167
150348,6392,2009-03-28T13:05:00.000-07:00,7,44,0.159
150348,6446,2009-03-31T19:05:00.000-07:00,8,48,0.167
150348,6462,2009-04-01T13:05:00.000-07:00,8,51,0.157
150348,6752,2009-04-24T19:11:00.000-07:00,9,58,0.155
150348,6767,2009-04-25T18:05:00.000-07:00,9,60,0.15
150348,6827,2009-04-29T19:10:00.000-07:00,9,62,0.145
150348,7027,2009-05-14T19:07:00.000-07:00,12,69,0.174
150348,84,2007-03-05T13:05:00.000-08:00,2,7,0.286
150348,843,2007-04-28T13:07:00.000-07:00,27,77,0.351
150348,866,2007-04-30T19:07:00.000-07:00,28,84,0.333
150348,881,2007-05-01T19:05:00.000-07:00,28,85,0.329
150348,896,2007-05-02T19:05:00.000-07:00,28,88,0.318
150348,992,2007-05-10T19:07:00.000-07:00,29,102,0.284
150348,10607,2010-06-27T13:35:00.000-07:00,17,69,0.246
150348,10652,2010-06-30T19:05:00.000-07:00,16,68,0.235
150348,10745,2010-07-07T19:07:00.000-07:00,16,69,0.232
150348,11098,2010-08-04T13:05:00.000-07:00,12,54,0.222
150348,11344,2010-08-22T13:35:00.000-07:00,16,61,0.262
150348,11452,2010-08-30T19:10:00.000-07:00,20,70,0.286
150348,11482,2010-09-01T19:10:00.000-07:00,19,71,0.268
150348,11518,2010-09-04T13:05:00.000-07:00,20,78,0.256
150348,11533,2010-09-05T13:05:00.000-07:00,20,81,0.247
150348,11692,2010-09-17T19:10:00.000-07:00,20,84,0.238
150348,11744,2010-09-21T19:07:00.000-07:00,24,95,0.253
150348,11826,2010-09-27T19:07:00.000-07:00,25,100,0.25
150348,12012,2011-03-01T13:05:00.000-08:00,3,6,0.5
150348,12172,2011-03-10T13:05:00.000-08:00,5,16,0.313
150348,12211,2011-03-12T13:05:00.000-08:00,6,19,0.316
150348,12230,2011-03-13T13:05:00.000-07:00,7,22,0.318
150348,12309,2011-03-18T13:05:00.000-07:00,11,32,0.344
150348,12508,2011-03-30T16:10:00.000-07:00,11,35,0.314
150348,12692,2011-04-13T12:40:00.000-07:00,17,52,0.327
150348,12791,2011-04-20T19:07:00.000-07:00,19,61,0.311
150348,12825,2011-04-22T19:07:00.000-07:00,20,65,0.308
150348,12868,2011-04-25T19:05:00.000-07:00,22,76,0.289
150348,12885,2011-04-26T19:05:00.000-07:00,23,80,0.288
150348,12914,2011-04-28T13:05:00.000-07:00,24,84,0.286
150348,12932,2011-04-29T19:05:00.000-07:00,24,88,0.273
150348,12967,2011-05-01T13:05:00.000-07:00,24,92,0.261
150348,13083,2011-05-10T19:07:00.000-07:00,26,112,0.232
150348,13148,2011-05-14T15:10:00.000-07:00,30,123,0.244
150348,13178,2011-05-16T19:05:00.000-07:00,31,130,0.238
150348,13293,2011-05-24T19:05:00.000-07:00,31,137,0.226
150348,13312,2011-05-26T19:07:00.000-07:00,31,140,0.221
150348,3665,2008-04-15T19:05:00.000-07:00,12,42,0.286
150348,72,2007-03-04T13:05:00.000-08:00,1,4,0.25
150348,8066,2009-07-31T19:05:00.000-07:00,10,38,0.263
150348,8331,2009-08-20T19:07:00.000-07:00,10,37,0.27
150348,8405,2009-08-25T19:07:00.000-07:00,8,32,0.25
150348,8420,2009-08-26T19:07:00.000-07:00,8,35,0.229
150348,8506,2009-09-01T16:05:00.000-07:00,15,55,0.273
150348,8522,2009-09-02T19:05:00.000-07:00,15,57,0.263
150348,8557,2009-09-05T13:07:00.000-07:00,16,63,0.254
150348,8614,2009-09-09T19:07:00.000-07:00,19,70,0.271
150348,8687,2009-09-14T19:05:00.000-07:00,20,74,0.27
150348,8740,2009-09-18T19:38:00.000-07:00,19,75,0.253
150348,8773,2009-09-21T19:07:00.000-07:00,20,84,0.238
150348,8783,2009-09-22T19:07:00.000-07:00,21,89,0.236
150348,8820,2009-09-24T19:07:00.000-07:00,24,97,0.247
150348,8891,2009-09-29T19:10:00.000-07:00,26,110,0.236
150348,8908,2009-09-30T19:10:00.000-07:00,28,113,0.248
150348,8963,2009-10-04T13:35:00.000-07:00,33,125,0.264
150348,9019,2010-03-04T13:05:00.000-08:00,0,3,0.0
150348,9246,2010-03-19T13:05:00.000-07:00,5,16,0.313
150348,9572,2010-04-12T19:20:00.000-07:00,13,42,0.31
150348,9595,2010-04-14T19:07:00.000-07:00,13,45,0.289
150348,9618,2010-04-16T19:07:00.000-07:00,14,48,0.292
150348,9648,2010-04-18T13:07:00.000-07:00,15,53,0.283
150348,9692,2010-04-21T12:37:00.000-07:00,15,56,0.268
150348,1132,2007-05-19T19:05:00.000-07:00,31,116,0.267
150348,2498,2007-08-29T12:35:00.000-07:00,45,182,0.247
150348,2659,2007-09-10T19:05:00.000-07:00,47,196,0.24
150348,3698,2008-04-18T19:07:00.000-07:00,12,47,0.255
150348,4728,2008-07-01T19:10:00.000-07:00,11,54,0.204
150348,478,2007-03-31T13:05:00.000-07:00,11,43,0.256
150348,5321,2008-08-16T19:05:00.000-07:00,19,88,0.216
150348,7754,2009-07-06T13:05:00.000-07:00,9,41,0.22
150348,11502,2010-09-03T13:05:00.000-07:00,19,74,0.257
150348,12738,2011-04-16T13:10:00.000-07:00,18,55,0.327
150348,8542,2009-09-04T19:07:00.000-07:00,15,60,0.25
150348,1018,2007-05-11T19:07:00.000-07:00,29,106,0.274
150348,1048,2007-05-13T13:07:00.000-07:00,29,107,0.271
150348,1062,2007-05-15T19:07:00.000-07:00,29,109,0.266
150348,1147,2007-05-20T13:35:00.000-07:00,31,117,0.265
150348,1240,2007-05-27T13:10:00.000-07:00,32,124,0.258
150348,1249,2007-05-28T19:07:00.000-07:00,32,125,0.256
150348,1285,2007-05-31T19:07:00.000-07:00,35,131,0.267
150348,1297,2007-06-01T19:07:00.000-07:00,36,133,0.271
150348,136,2007-03-08T13:05:00.000-08:00,3,10,0.3
150348,1440,2007-06-11T19:15:00.000-07:00,40,143,0.28
150348,1546,2007-06-19T19:07:00.000-07:00,41,144,0.285
150348,1561,2007-06-20T19:07:00.000-07:00,41,146,0.281
150348,1578,2007-06-22T19:07:00.000-07:00,43,151,0.285
150348,1643,2007-06-26T19:10:00.000-07:00,44,158,0.278
150348,1794,2007-07-07T13:07:00.000-07:00,45,157,0.287
150348,183,2007-03-11T13:05:00.000-07:00,3,12,0.25
150348,1853,2007-07-14T19:05:00.000-07:00,45,166,0.271
150348,1924,2007-07-19T13:05:00.000-07:00,43,167,0.257
150348,2056,2007-07-28T18:05:00.000-07:00,41,166,0.247
150348,207,2007-03-13T13:05:00.000-07:00,4,15,0.267
150348,2244,2007-08-11T18:10:00.000-07:00,41,170,0.241
150348,2442,2007-08-25T18:05:00.000-07:00,47,180,0.261
150348,2552,2007-09-02T13:07:00.000-07:00,46,188,0.245
150348,2599,2007-09-05T19:05:00.000-07:00,47,192,0.245
150348,2695,2007-09-13T19:07:00.000-07:00,47,202,0.233
150348,2845,2007-09-23T13:05:00.000-07:00,47,210,0.224
150348,2895,2007-09-27T19:05:00.000-07:00,49,214,0.229
150348,2908,2007-09-28T19:07:00.000-07:00,49,216,0.227
150348,298,2007-03-18T13:05:00.000-07:00,6,22,0.273
150348,3093,2008-03-05T13:05:00.000-08:00,2,7,0.286
150348,3120,2008-03-07T13:05:00.000-08:00,2,10,0.2
150348,3239,2008-03-14T13:05:00.000-07:00,3,18,0.167
150348,330,2007-03-21T19:05:00.000-07:00,6,24,0.25
150348,3642,2008-04-13T14:05:00.000-07:00,12,41,0.293
150348,411,2007-03-26T13:05:00.000-07:00,10,36,0.278
150348,4505,2008-06-15T13:07:00.000-07:00,13,59,0.22
150348,4863,2008-07-11T19:07:00.000-07:00,8,48,0.167
150348,4893,2008-07-13T13:07:00.000-07:00,10,55,0.182
150348,4990,2008-07-23T19:05:00.000-07:00,12,58,0.207
150348,5226,2008-08-10T13:07:00.000-07:00,16,74,0.216
150348,5369,2008-08-20T19:07:00.000-07:00,22,99,0.222
150348,5386,2008-08-22T19:07:00.000-07:00,26,108,0.241
150348,5416,2008-08-24T13:07:00.000-07:00,27,116,0.233
150348,5454,2008-08-26T19:10:00.000-07:00,28,119,0.235
150348,5469,2008-08-27T19:10:00.000-07:00,28,122,0.23
150348,549,2007-04-06T19:10:00.000-07:00,11,44,0.25
150348,5784,2008-09-20T13:07:00.000-07:00,34,154,0.221
150348,5980,2009-02-27T13:05:00.000-08:00,1,3,0.333
150348,6095,2009-03-06T19:05:00.000-08:00,2,14,0.143
150348,6145,2009-03-09T13:15:00.000-07:00,2,19,0.105
150348,6213,2009-03-14T13:05:00.000-07:00,4,28,0.143
150348,6491,2009-04-03T19:05:00.000-07:00,8,53,0.151
150348,7014,2009-05-13T19:07:00.000-07:00,11,66,0.167
150348,7067,2009-05-17T13:07:00.000-07:00,12,70,0.171
150348,786,2007-04-24T19:05:00.000-07:00,25,71,0.352
150348,7942,2009-07-23T12:37:00.000-07:00,11,36,0.306
150348,812,2007-04-26T19:05:00.000-07:00,26,75,0.347
150348,951,2007-05-06T14:05:00.000-07:00,28,95,0.295
150348,977,2007-05-09T19:07:00.000-07:00,28,99,0.283
150348,10577,2010-06-25T19:05:00.000-07:00,19,66,0.288
150348,11919,2010-10-03T13:10:00.000-07:00,26,107,0.243
150348,6476,2009-04-02T13:05:00.000-07:00,8,52,0.154
150348,9820,2010-04-30T19:07:00.000-07:00,16,62,0.258
150348,10637,2010-06-29T19:05:00.000-07:00,16,67,0.239
150348,10694,2010-07-03T13:05:00.000-07:00,16,70,0.229
150348,10961,2010-07-25T18:05:00.000-07:00,14,64,0.219
150348,11167,2010-08-10T19:07:00.000-07:00,13,54,0.241
150348,11430,2010-08-29T13:07:00.000-07:00,19,67,0.284
150348,11467,2010-08-31T19:10:00.000-07:00,21,72,0.292
150348,11707,2010-09-18T19:10:00.000-07:00,22,88,0.25
150348,12029,2011-03-02T13:05:00.000-08:00,3,7,0.429
150348,12073,2011-03-05T13:05:00.000-08:00,5,12,0.417
150348,12601,2011-04-07T12:37:00.000-07:00,12,39,0.308
150348,12617,2011-04-08T19:05:00.000-07:00,13,42,0.31
150348,12776,2011-04-19T19:07:00.000-07:00,19,57,0.333
150348,12995,2011-05-03T18:40:00.000-07:00,24,95,0.253
150348,13049,2011-05-07T16:07:00.000-07:00,26,109,0.239
150348,13133,2011-05-13T19:10:00.000-07:00,30,119,0.252
150348,13163,2011-05-15T13:10:00.000-07:00,31,127,0.244
150348,8491,2009-08-31T19:05:00.000-07:00,14,49,0.286
150348,8755,2009-09-19T19:08:00.000-07:00,19,79,0.241
150348,8834,2009-09-25T19:07:00.000-07:00,25,99,0.253
150348,8849,2009-09-26T13:07:00.000-07:00,25,103,0.243
150348,8948,2009-10-03T19:05:00.000-07:00,32,121,0.264
150348,9082,2010-03-08T13:05:00.000-08:00,2,6,0.333
150348,9107,2010-03-10T13:05:00.000-08:00,2,8,0.25
150348,9249,2010-03-20T13:05:00.000-07:00,6,18,0.333
150348,9336,2010-03-25T13:05:00.000-07:00,7,21,0.333
150348,9786,2010-04-28T19:07:00.000-07:00,16,61,0.262
150348,9988,2010-05-12T13:35:00.000-07:00,18,69,0.261
150348,10520,2010-06-20T13:07:00.000-07:00,19,65,0.292
150348,10766,2010-07-09T19:07:00.000-07:00,16,68,0.235
150348,8598,2009-09-08T19:07:00.000-07:00,19,68,0.279
150348,1778,2007-07-06T19:07:00.000-07:00,44,156,0.282
150348,2093,2007-07-31T19:10:00.000-07:00,44,173,0.254
150348,2393,2007-08-22T12:37:00.000-07:00,44,178,0.247
150348,2537,2007-09-01T13:07:00.000-07:00,47,188,0.25
150348,3728,2008-04-20T13:07:00.000-07:00,13,50,0.26
150348,382,2007-03-24T13:15:00.000-07:00,8,31,0.258
150348,5381,2008-08-21T19:07:00.000-07:00,24,104,0.231
150348,6019,2009-03-01T13:05:00.000-08:00,1,5,0.2
150348,10709,2010-07-04T13:05:00.000-07:00,16,70,0.229
150348,11722,2010-09-19T13:35:00.000-07:00,24,92,0.261
150348,12857,2011-04-24T13:07:00.000-07:00,21,72,0.292
150348,7345,2009-06-06T13:07:00.000-07:00,12,73,0.164
150348,8464,2009-08-29T19:10:00.000-07:00,9,40,0.225
150348,8770,2009-09-20T13:38:00.000-07:00,19,80,0.238
150348,9287,2010-03-22T13:05:00.000-07:00,6,19,0.316
150348,1195,2007-05-24T19:05:00.000-07:00,32,121,0.264
150348,1225,2007-05-26T18:10:00.000-07:00,32,122,0.262
150348,13277,2011-05-23T19:05:00.000-07:00,31,134,0.231
150348,1809,2007-07-08T13:07:00.000-07:00,46,160,0.288
150348,2229,2007-08-10T19:10:00.000-07:00,41,170,0.241
150348,2584,2007-09-04T19:05:00.000-07:00,47,191,0.246
150348,2882,2007-09-26T19:05:00.000-07:00,49,213,0.23
150348,3163,2008-03-09T13:05:00.000-07:00,3,13,0.231
150348,3193,2008-03-11T13:15:00.000-07:00,3,14,0.214
150348,5164,2008-08-05T19:07:00.000-07:00,13,64,0.203
150348,5653,2008-09-10T19:11:00.000-07:00,34,150,0.227
150348,6033,2009-03-03T13:05:00.000-08:00,2,11,0.182
150348,6232,2009-03-16T13:05:00.000-07:00,4,32,0.125
150348,6571,2009-04-10T16:05:00.000-07:00,8,54,0.148
150348,6639,2009-04-15T19:10:00.000-07:00,9,56,0.161
150348,693,2007-04-18T19:07:00.000-07:00,19,60,0.317
150348,7259,2009-05-31T13:07:00.000-07:00,12,72,0.167
150348,7629,2009-06-27T13:07:00.000-07:00,11,47,0.234
150348,8584,2009-09-07T13:07:00.000-07:00,16,64,0.25
150348,1263,2007-05-29T19:07:00.000-07:00,33,126,0.262
150348,2078,2007-07-30T19:10:00.000-07:00,43,169,0.254
150348,11805,2010-09-26T13:07:00.000-07:00,25,97,0.258
150348,3030,2008-03-01T13:05:00.000-08:00,1,3,0.333
150348,10132,2010-05-22T17:10:00.000-07:00,19,71,0.268
150348,11182,2010-08-11T19:07:00.000-07:00,12,51,0.235
150348,11415,2010-08-28T13:07:00.000-07:00,17,63,0.27
150348,11960,2011-02-26T13:05:00.000-08:00,2,2,1.0
150348,11992,2011-02-28T13:05:00.000-08:00,3,4,0.75
150348,12051,2011-03-04T13:00:00.000-08:00,4,10,0.4
150348,12186,2011-03-11T13:05:00.000-08:00,6,17,0.353
150348,12589,2011-04-06T19:07:00.000-07:00,12,36,0.333
150348,12649,2011-04-10T12:35:00.000-07:00,17,48,0.354
150348,2427,2007-08-24T19:05:00.000-07:00,45,178,0.253
150348,3276,2008-03-16T13:05:00.000-07:00,6,21,0.286
150348,3338,2008-03-21T13:05:00.000-07:00,7,25,0.28
150348,3439,2008-03-28T19:05:00.000-07:00,11,34,0.324
150348,346,2007-03-22T13:05:00.000-07:00,8,26,0.308
150348,3594,2008-04-10T19:07:00.000-07:00,12,40,0.3
150348,3954,2008-05-06T19:07:00.000-07:00,15,58,0.259
150348,40,2007-03-02T12:30:00.000-08:00,1,2,0.5
150348,5554,2008-09-03T19:07:00.000-07:00,30,135,0.222
150348,577,2007-04-08T13:40:00.000-07:00,13,48,0.271
150348,6416,2009-03-29T13:05:00.000-07:00,8,45,0.178
150348,6887,2009-05-04T19:07:00.000-07:00,10,63,0.159
150348,9443,2010-04-01T13:05:00.000-07:00,10,31,0.323
150348,11352,2010-08-23T19:07:00.000-07:00,16,62,0.258
150348,12495,2011-03-29T13:05:00.000-07:00,11,33,0.333
150348,1936,2007-07-20T19:07:00.000-07:00,43,169,0.254
150348,306,2007-03-19T13:05:00.000-07:00,6,23,0.261
150348,3535,2008-04-06T13:07:00.000-07:00,11,39,0.282
150348,5694,2008-09-13T12:35:00.000-07:00,34,154,0.221
150348,7482,2009-06-16T19:05:00.000-07:00,11,62,0.177
150348,9430,2010-03-31T13:05:00.000-07:00,9,29,0.31
150348,13624,2011-06-17T19:10:00.000-07:00,27,129,0.209
150348,13639,2011-06-18T19:10:00.000-07:00,27,130,0.208
150348,13654,2011-06-19T13:10:00.000-07:00,27,128,0.211
150348,13694,2011-06-22T13:05:00.000-07:00,25,123,0.203
150348,13743,2011-06-26T13:15:00.000-07:00,21,117,0.179
150348,13801,2011-07-01T13:07:00.000-07:00,22,118,0.186
150348,13816,2011-07-02T13:07:00.000-07:00,24,121,0.198
150348,13831,2011-07-03T13:07:00.000-07:00,24,125,0.192
150348,13850,2011-07-04T13:35:00.000-07:00,26,129,0.202
150348,13865,2011-07-05T19:10:00.000-07:00,28,133,0.211
150348,13938,2011-07-10T13:05:00.000-07:00,28,131,0.214
150348,13945,2011-07-14T19:07:00.000-07:00,29,133,0.218
150348,13972,2011-07-16T13:07:00.000-07:00,29,135,0.215
150348,14017,2011-07-19T19:07:00.000-07:00,25,125,0.2
150348,14032,2011-07-20T19:07:00.000-07:00,25,125,0.2
150348,14057,2011-07-22T19:05:00.000-07:00,25,126,0.198
150348,14102,2011-07-26T19:07:00.000-07:00,24,122,0.197
150348,14171,2011-07-30T13:07:00.000-07:00,24,119,0.202
150348,14186,2011-07-31T13:07:00.000-07:00,25,122,0.205
150348,14227,2011-08-03T19:10:00.000-07:00,23,112,0.205
150348,14281,2011-08-07T13:35:00.000-07:00,23,104,0.221
150348,14348,2011-08-13T13:07:00.000-07:00,25,93,0.269
150348,14363,2011-08-14T13:07:00.000-07:00,26,94,0.277
150348,14404,2011-08-16T19:10:00.000-07:00,26,88,0.295
150348,14459,2011-08-20T18:05:00.000-07:00,25,84,0.298
150348,14474,2011-08-21T13:05:00.000-07:00,25,87,0.287
150348,14501,2011-08-24T19:05:00.000-07:00,22,80,0.275
150348,14516,2011-08-25T19:05:00.000-07:00,24,81,0.296
150348,14568,2011-08-28T13:10:00.000-07:00,24,85,0.282
150348,14573,2011-08-29T18:40:00.000-07:00,25,89,0.281
150348,14622,2011-09-02T19:15:00.000-07:00,25,86,0.291
150348,14682,2011-09-06T18:40:00.000-07:00,26,86,0.302
150348,14697,2011-09-07T18:40:00.000-07:00,28,91,0.308
150348,14747,2011-09-10T17:10:00.000-07:00,28,93,0.301
150348,14762,2011-09-11T13:10:00.000-07:00,28,97,0.289
150348,14775,2011-09-13T19:10:00.000-07:00,28,101,0.277
150348,14828,2011-09-17T17:35:00.000-07:00,29,104,0.279
150348,14843,2011-09-18T13:05:00.000-07:00,31,108,0.287
150348,14917,2011-09-23T18:40:00.000-07:00,32,111,0.288
150348,14947,2011-09-25T13:10:00.000-07:00,32,115,0.278
150348,14955,2011-09-26T18:40:00.000-07:00,31,118,0.263
150348,14970,2011-09-27T18:40:00.000-07:00,31,118,0.263
150348,14985,2011-09-28T18:40:00.000-07:00,31,118,0.263
150348,175659,2012-03-06T13:10:00.000-08:00,0,5,0.0
150348,175665,2012-03-07T13:10:00.000-08:00,0,6,0.0
150348,175976,2012-03-27T13:10:00.000-07:00,2,9,0.222
150348,176006,2012-03-29T13:10:00.000-07:00,3,10,0.3
150348,176131,2012-04-07T13:05:00.000-07:00,5,18,0.278
150348,176271,2012-04-17T18:40:00.000-07:00,8,28,0.286
150348,176291,2012-04-19T18:40:00.000-07:00,8,29,0.276
150348,176304,2012-04-20T18:40:00.000-07:00,8,32,0.25
150348,176336,2012-04-22T13:10:00.000-07:00,9,35,0.257
150348,176358,2012-04-23T18:40:00.000-07:00,12,39,0.308
150348,175630,2012-03-05T13:10:00.000-08:00,0,3,0.0
150348,176034,2012-03-31T13:05:00.000-07:00,5,14,0.357
150348,176218,2012-04-14T18:10:00.000-07:00,7,22,0.318
150348,176234,2012-04-15T13:10:00.000-07:00,7,26,0.269
150348,176464,2012-05-01T19:05:00.000-07:00,14,42,0.333
150348,176480,2012-05-02T19:05:00.000-07:00,15,45,0.333
150348,175514,2011-10-04T18:30:00.000-07:00,31,118,0.263
150348,175527,2011-10-05T18:30:00.000-07:00,31,118,0.263
150348,176578,2012-05-08T18:40:00.000-07:00,18,56,0.321
150348,176633,2012-05-12T17:10:00.000-07:00,18,57,0.316
150348,176649,2012-05-13T13:10:00.000-07:00,18,61,0.295
150348,176803,2012-05-23T18:40:00.000-07:00,22,70,0.314
150348,176842,2012-05-26T19:10:00.000-07:00,24,74,0.324
150348,176565,2012-05-07T18:40:00.000-07:00,18,53,0.34
150348,176685,2012-05-16T18:40:00.000-07:00,20,65,0.308
150348,176750,2012-05-20T13:10:00.000-07:00,21,69,0.304
150348,176522,2012-05-05T16:05:00.000-07:00,18,49,0.367
150348,176538,2012-05-06T13:10:00.000-07:00,18,52,0.346
150348,176867,2012-05-28T14:05:00.000-07:00,25,75,0.333
150348,176884,2012-05-29T19:15:00.000-07:00,25,78,0.321
150348,176900,2012-05-30T19:15:00.000-07:00,25,79,0.316
150348,176951,2012-06-03T15:35:00.000-07:00,25,83,0.301
150348,176995,2012-06-06T18:40:00.000-07:00,26,86,0.302
150348,177060,2012-06-10T13:10:00.000-07:00,26,89,0.292
150348,177116,2012-06-15T19:05:00.000-07:00,26,87,0.299
150348,177199,2012-06-20T12:40:00.000-07:00,28,90,0.311
150348,177229,2012-06-23T19:10:00.000-07:00,28,91,0.308
150348,177245,2012-06-24T13:10:00.000-07:00,28,94,0.298
150430,4760,2008-07-04T18:05:00.000-07:00,0,1,0.0
150430,1127,2007-05-19T15:55:00.000-07:00,0,1,0.0
150430,1584,2007-06-22T19:15:00.000-07:00,0,2,0.0
150430,4845,2008-07-10T13:05:00.000-07:00,0,2,0.0
430101,731,2007-04-20T19:05:00.000-07:00,0,1,0.0
445163,7161,2009-05-23T19:00:00.000-07:00,0,1,0.0
445163,10431,2010-06-13T13:10:00.000-07:00,0,1,0.0
445163,298,2007-03-18T13:05:00.000-07:00,0,1,0.0
451085,10480,2010-06-18T19:05:00.000-07:00,0,2,0.0
451085,13626,2011-06-18T13:05:00.000-07:00,0,2,0.0
451085,177117,2012-06-15T19:35:00.000-07:00,0,3,0.0
451085,177190,2012-06-20T19:10:00.000-07:00,1,4,0.25
452067,3257,2008-03-15T13:10:00.000-07:00,0,1,0.0
452067,3339,2008-03-21T13:10:00.000-07:00,0,3,0.0
452067,3270,2008-03-16T13:05:00.000-07:00,0,2,0.0
452721,395,2007-03-25T13:05:00.000-07:00,1,1,1.0
452725,1146,2007-05-20T13:05:00.000-07:00,0,1,0.0
455047,3242,2008-03-15T13:05:00.000-07:00,0,1,0.0
458709,2026,2007-07-26T13:05:00.000-07:00,0,2,0.0
458709,2174,2007-08-06T19:15:00.000-07:00,0,7,0.0
458709,6520,2009-04-06T16:10:00.000-07:00,0,5,0.0
458709,8217,2009-08-11T19:00:00.000-07:00,5,34,0.147
458709,9628,2010-04-16T19:05:00.000-07:00,1,10,0.1
458709,11440,2010-08-29T13:35:00.000-07:00,3,22,0.136
458709,11519,2010-09-04T19:05:00.000-07:00,3,22,0.136
458709,2412,2007-08-23T19:05:00.000-07:00,2,13,0.154
458709,7797,2009-07-09T19:05:00.000-07:00,4,30,0.133
458709,9554,2010-04-10T13:10:00.000-07:00,1,8,0.125
458709,3764,2008-04-22T19:00:00.000-07:00,0,9,0.0
458709,5013,2008-07-25T19:40:00.000-07:00,1,25,0.04
458709,7272,2009-05-31T13:35:00.000-07:00,2,24,0.083
458709,3832,2008-04-27T13:35:00.000-07:00,0,11,0.0
458709,10072,2010-05-18T19:15:00.000-07:00,1,18,0.056
458709,12688,2011-04-13T19:05:00.000-07:00,0,4,0.0
458709,13330,2011-05-27T19:05:00.000-07:00,0,20,0.0
458709,13403,2011-06-01T13:05:00.000-07:00,0,22,0.0
458709,8287,2009-08-16T13:10:00.000-07:00,5,34,0.147
458709,2098,2007-08-01T19:05:00.000-07:00,0,4,0.0
458709,5094,2008-07-31T19:10:00.000-07:00,1,24,0.042
458709,5720,2008-09-15T19:10:00.000-07:00,1,25,0.04
458709,6587,2009-04-11T19:00:00.000-07:00,0,7,0.0
458709,6813,2009-04-28T19:05:00.000-07:00,2,12,0.167
458709,7046,2009-05-15T19:05:00.000-07:00,2,18,0.111
458709,7410,2009-06-11T16:35:00.000-07:00,3,29,0.103
458709,7846,2009-07-16T19:05:00.000-07:00,4,31,0.129
458709,6970,2009-05-09T17:10:00.000-07:00,2,16,0.125
458709,3341,2008-03-22T13:05:00.000-07:00,0,2,0.0
458709,3548,2008-04-06T13:15:00.000-07:00,0,3,0.0
458709,3694,2008-04-17T19:10:00.000-07:00,0,6,0.0
458709,3983,2008-05-08T19:05:00.000-07:00,0,13,0.0
458709,4057,2008-05-13T19:10:00.000-07:00,0,15,0.0
458709,4373,2008-06-05T13:10:00.000-07:00,0,20,0.0
458709,5167,2008-08-05T19:05:00.000-07:00,1,23,0.043
458709,5312,2008-08-16T19:10:00.000-07:00,1,24,0.042
458709,5399,2008-08-22T13:20:00.000-07:00,1,23,0.043
458709,5892,2008-09-27T15:55:00.000-07:00,1,25,0.04
458709,6325,2009-03-22T13:05:00.000-07:00,0,2,0.0
458709,6387,2009-03-27T19:10:00.000-07:00,0,4,0.0
458709,6659,2009-04-17T19:05:00.000-07:00,0,8,0.0
458709,6714,2009-04-22T19:05:00.000-07:00,1,10,0.1
458709,6889,2009-05-04T19:05:00.000-07:00,2,14,0.143
458709,7348,2009-06-06T19:05:00.000-07:00,3,27,0.111
458709,7716,2009-07-04T13:05:00.000-07:00,3,31,0.097
458709,10208,2010-05-28T19:05:00.000-07:00,2,22,0.091
458709,4826,2008-07-09T19:10:00.000-07:00,1,24,0.042
458709,10511,2010-06-20T13:35:00.000-07:00,3,28,0.107
458709,11204,2010-08-13T19:05:00.000-07:00,2,19,0.105
458709,11299,2010-08-19T13:05:00.000-07:00,2,21,0.095
458709,11672,2010-09-15T12:10:00.000-07:00,3,20,0.15
458709,12603,2011-04-07T19:10:00.000-07:00,0,2,0.0
458709,12796,2011-04-20T13:15:00.000-07:00,0,7,0.0
458709,12869,2011-04-25T19:05:00.000-07:00,0,9,0.0
458709,13026,2011-05-05T19:05:00.000-07:00,0,13,0.0
458709,7922,2009-07-21T19:05:00.000-07:00,4,31,0.129
458709,8067,2009-07-31T19:05:00.000-07:00,7,34,0.206
458709,8129,2009-08-05T19:05:00.000-07:00,6,34,0.176
458709,8450,2009-08-28T19:15:00.000-07:00,5,33,0.152
458709,8600,2009-09-08T19:05:00.000-07:00,6,32,0.188
458709,8822,2009-09-25T19:05:00.000-07:00,5,28,0.179
458709,8902,2009-09-30T16:35:00.000-07:00,6,30,0.2
458709,9431,2010-03-31T13:05:00.000-07:00,1,5,0.2
458709,9767,2010-04-26T19:05:00.000-07:00,1,14,0.071
458709,9853,2010-05-02T13:10:00.000-07:00,1,16,0.063
458709,4933,2008-07-19T19:00:00.000-07:00,1,25,0.04
458709,11591,2010-09-10T19:05:00.000-07:00,3,21,0.143
458709,5543,2008-09-02T19:10:00.000-07:00,1,25,0.04
458709,10135,2010-05-23T13:35:00.000-07:00,2,20,0.1
458709,10368,2010-06-09T19:05:00.000-07:00,3,27,0.111
458709,2337,2007-08-18T19:05:00.000-07:00,1,11,0.091
458709,4608,2008-06-22T13:35:00.000-07:00,1,23,0.043
458709,7992,2009-07-26T13:35:00.000-07:00,6,33,0.182
458709,9350,2010-03-26T13:05:00.000-07:00,1,3,0.333
458709,10281,2010-06-02T19:05:00.000-07:00,2,25,0.08
458709,11055,2010-08-01T13:35:00.000-07:00,2,17,0.118
458709,11124,2010-08-06T19:10:00.000-07:00,2,18,0.111
458709,11740,2010-09-21T19:05:00.000-07:00,2,19,0.105
458709,11828,2010-09-27T19:05:00.000-07:00,2,20,0.1
458709,12947,2011-04-30T16:05:00.000-07:00,0,12,0.0
458709,13111,2011-05-11T19:10:00.000-07:00,0,15,0.0
458709,13174,2011-05-16T19:05:00.000-07:00,0,17,0.0
458709,2245,2007-08-11T17:05:00.000-07:00,0,9,0.0
458709,3614,2008-04-12T13:05:00.000-07:00,0,4,0.0
458709,4203,2008-05-24T19:10:00.000-07:00,0,16,0.0
458709,4277,2008-05-29T12:35:00.000-07:00,0,18,0.0
458709,4459,2008-06-11T19:05:00.000-07:00,0,22,0.0
458709,4755,2008-07-03T19:10:00.000-07:00,1,23,0.043
458709,5238,2008-08-10T13:05:00.000-07:00,1,23,0.043
458709,5473,2008-08-28T19:10:00.000-07:00,1,25,0.04
458709,5639,2008-09-09T19:10:00.000-07:00,1,24,0.042
458709,5792,2008-09-20T19:10:00.000-07:00,1,24,0.042
458709,7114,2009-05-20T19:05:00.000-07:00,2,20,0.1
458709,7191,2009-05-25T19:10:00.000-07:00,2,22,0.091
458709,7562,2009-06-23T19:05:00.000-07:00,3,31,0.097
458709,8523,2009-09-02T12:35:00.000-07:00,5,32,0.156
458709,8756,2009-09-19T13:10:00.000-07:00,5,28,0.179
458709,9281,2010-03-21T13:05:00.000-07:00,0,1,0.0
458709,9486,2010-04-05T13:05:00.000-07:00,1,6,0.167
458709,9689,2010-04-21T19:05:00.000-07:00,1,12,0.083
458709,13470,2011-06-06T19:15:00.000-07:00,0,23,0.0
458709,13543,2011-06-11T17:35:00.000-07:00,0,25,0.0
458709,13608,2011-06-16T19:05:00.000-07:00,0,27,0.0
458709,13692,2011-06-22T19:05:00.000-07:00,0,29,0.0
458709,15501,2011-07-02T03:33:00.000-07:00,0,31,0.0
458709,13899,2011-07-08T19:05:00.000-07:00,0,32,0.0
458709,13978,2011-07-16T19:10:00.000-07:00,2,35,0.057
458709,14058,2011-07-22T19:10:00.000-07:00,4,36,0.111
458709,14134,2011-07-28T12:35:00.000-07:00,4,35,0.114
458709,14199,2011-08-02T19:05:00.000-07:00,4,35,0.114
458709,14282,2011-08-07T13:10:00.000-07:00,4,36,0.111
458709,14362,2011-08-13T19:05:00.000-07:00,4,34,0.118
458709,14454,2011-08-20T19:05:00.000-07:00,5,33,0.152
458709,14516,2011-08-25T19:05:00.000-07:00,5,33,0.152
458709,14612,2011-08-31T19:10:00.000-07:00,5,35,0.143
458709,14676,2011-09-05T13:05:00.000-07:00,5,34,0.147
458709,14817,2011-09-16T19:05:00.000-07:00,5,32,0.156
458709,14894,2011-09-21T19:05:00.000-07:00,5,31,0.161
458709,14978,2011-09-27T19:10:00.000-07:00,5,30,0.167
458709,176046,2012-03-31T13:05:00.000-07:00,0,1,0.0
461842,9377,2010-03-28T13:05:00.000-07:00,4,12,0.333
461842,9436,2010-04-01T12:05:00.000-07:00,5,16,0.313
461842,6495,2009-04-04T13:10:00.000-07:00,1,2,0.5
461842,9206,2010-03-17T13:05:00.000-07:00,2,5,0.4
461842,9338,2010-03-26T13:05:00.000-07:00,2,7,0.286
461842,12479,2011-03-29T12:05:00.000-07:00,1,4,0.25
461842,9131,2010-03-12T19:05:00.000-08:00,2,4,0.5
461842,9233,2010-03-19T13:05:00.000-07:00,2,6,0.333
461842,12448,2011-03-27T13:05:00.000-07:00,1,3,0.333
461842,12386,2011-03-23T13:05:00.000-07:00,1,2,0.5
461842,9043,2010-03-06T13:05:00.000-08:00,2,2,1.0
461842,12287,2011-03-17T13:10:00.000-07:00,1,1,1.0
469810,11293,2010-08-19T19:05:00.000-07:00,7,23,0.304
469810,12003,2011-03-01T13:05:00.000-08:00,2,4,0.5
469810,6104,2009-03-07T13:05:00.000-08:00,1,15,0.067
469810,5992,2009-02-28T19:05:00.000-08:00,0,5,0.0
469810,6080,2009-03-05T12:05:00.000-08:00,0,9,0.0
469810,6129,2009-03-08T13:05:00.000-07:00,1,16,0.063
469810,6135,2009-03-09T13:05:00.000-07:00,1,18,0.056
469810,6353,2009-03-25T13:05:00.000-07:00,1,20,0.05
469810,11215,2010-08-13T19:05:00.000-07:00,3,6,0.5
469810,11250,2010-08-16T19:05:00.000-07:00,5,14,0.357
469810,11278,2010-08-18T19:05:00.000-07:00,5,20,0.25
469810,11448,2010-08-30T19:05:00.000-07:00,7,24,0.292
469810,11519,2010-09-04T19:05:00.000-07:00,7,26,0.269
469810,12147,2011-03-09T13:05:00.000-08:00,4,9,0.444
469810,9153,2010-03-13T13:05:00.000-08:00,1,10,0.1
469810,9707,2010-04-22T12:35:00.000-07:00,1,12,0.083
469810,3018,2008-03-01T13:05:00.000-08:00,0,2,0.0
469810,3119,2008-03-07T13:05:00.000-08:00,4,12,0.333
469810,11955,2011-02-25T13:05:00.000-08:00,2,3,0.667
469810,3075,2008-03-04T13:05:00.000-08:00,3,6,0.5
469810,325,2007-03-21T13:05:00.000-07:00,0,1,0.0
469810,3427,2008-03-28T19:40:00.000-07:00,4,13,0.308
469810,3441,2008-03-29T19:10:00.000-07:00,4,14,0.286
469810,5946,2009-02-25T19:05:00.000-08:00,0,1,0.0
469810,5976,2009-02-27T13:05:00.000-08:00,0,4,0.0
469810,12235,2011-03-14T13:05:00.000-07:00,4,13,0.308
469810,11230,2010-08-14T18:05:00.000-07:00,4,9,0.444
469810,11263,2010-08-17T19:05:00.000-07:00,5,17,0.294
469810,11566,2010-09-08T19:05:00.000-07:00,7,28,0.25
469810,12221,2011-03-13T13:05:00.000-07:00,4,12,0.333
469810,12481,2011-03-29T13:05:00.000-07:00,4,16,0.25
469810,9694,2010-04-21T19:05:00.000-07:00,1,11,0.091
469810,460,2007-03-29T13:05:00.000-07:00,1,2,0.5
469810,11203,2010-08-12T15:35:00.000-07:00,2,3,0.667
469810,9099,2010-03-10T19:05:00.000-08:00,1,7,0.143
469810,11771,2010-09-23T12:35:00.000-07:00,8,30,0.267
469810,12163,2011-03-10T19:05:00.000-08:00,4,10,0.4
469810,12181,2011-03-11T13:05:00.000-08:00,4,11,0.364
469810,9062,2010-03-07T13:05:00.000-08:00,0,5,0.0
469810,11056,2010-08-01T13:15:00.000-07:00,1,1,1.0
469810,11654,2010-09-14T19:10:00.000-07:00,8,29,0.276
469810,12108,2011-03-07T13:10:00.000-08:00,3,7,0.429
469810,9093,2010-03-09T13:05:00.000-08:00,1,6,0.167
469810,11245,2010-08-15T13:05:00.000-07:00,4,11,0.364
469810,11463,2010-08-31T19:05:00.000-07:00,7,25,0.28
469810,11871,2010-09-30T19:10:00.000-07:00,8,31,0.258
469810,12072,2011-03-05T13:05:00.000-08:00,2,5,0.4
469810,12096,2011-03-06T13:05:00.000-08:00,2,6,0.333
469810,12267,2011-03-16T13:05:00.000-07:00,4,14,0.286
469810,12374,2011-03-22T13:05:00.000-07:00,4,15,0.267
469810,3104,2008-03-06T13:05:00.000-08:00,3,7,0.429
469810,6034,2009-03-03T13:05:00.000-08:00,0,7,0.0
469810,6090,2009-03-06T13:05:00.000-08:00,0,11,0.0
469810,9004,2010-03-03T13:05:00.000-08:00,0,1,0.0
469810,9033,2010-03-05T19:05:00.000-08:00,0,2,0.0
469810,5968,2009-02-26T13:05:00.000-08:00,0,2,0.0
469810,175617,2012-03-04T13:05:00.000-08:00,0,1,0.0
469810,175662,2012-03-07T13:05:00.000-08:00,0,3,0.0
469810,175649,2012-03-06T13:05:00.000-08:00,0,2,0.0
475174,11508,2010-09-04T15:10:00.000-07:00,1,2,0.5
475174,11896,2010-10-02T13:10:00.000-07:00,6,28,0.214
475174,6014,2009-03-01T13:05:00.000-08:00,1,4,0.25
475174,9101,2010-03-10T13:05:00.000-08:00,1,4,0.25
475174,9143,2010-03-13T13:05:00.000-08:00,1,9,0.111
475174,12263,2011-03-16T19:05:00.000-07:00,8,23,0.348
475174,6497,2009-04-04T15:05:00.000-07:00,4,14,0.286
475174,11659,2010-09-15T19:10:00.000-07:00,3,11,0.273
475174,11683,2010-09-17T19:05:00.000-07:00,3,12,0.25
475174,11752,2010-09-22T19:10:00.000-07:00,4,19,0.211
475174,11868,2010-09-30T19:10:00.000-07:00,4,24,0.167
475174,11968,2011-02-27T13:05:00.000-08:00,0,2,0.0
475174,12087,2011-03-06T13:05:00.000-08:00,5,12,0.417
475174,12139,2011-03-09T13:05:00.000-08:00,6,15,0.4
475174,12213,2011-03-13T13:05:00.000-07:00,7,20,0.35
475174,12234,2011-03-14T13:10:00.000-07:00,8,22,0.364
475174,12319,2011-03-19T13:10:00.000-07:00,9,28,0.321
475174,12337,2011-03-20T13:05:00.000-07:00,9,30,0.3
475174,9083,2010-03-09T13:05:00.000-08:00,0,2,0.0
475174,9133,2010-03-12T13:05:00.000-08:00,1,7,0.143
475174,5966,2009-02-26T13:05:00.000-08:00,0,2,0.0
475174,6058,2009-03-04T18:05:00.000-08:00,1,5,0.2
475174,6107,2009-03-07T13:05:00.000-08:00,1,7,0.143
475174,11982,2011-02-28T13:05:00.000-08:00,1,4,0.25
475174,12054,2011-03-04T13:05:00.000-08:00,4,10,0.4
475174,2972,2008-02-26T15:05:00.000-08:00,0,3,0.0
475174,6087,2009-03-06T13:05:00.000-08:00,1,6,0.167
475174,6483,2009-04-03T18:05:00.000-07:00,3,11,0.273
475174,11474,2010-09-01T19:10:00.000-07:00,0,1,0.0
475174,11597,2010-09-10T19:10:00.000-07:00,2,7,0.286
475174,11837,2010-09-28T19:10:00.000-07:00,4,20,0.2
475174,11853,2010-09-29T19:10:00.000-07:00,4,23,0.174
475174,11912,2010-10-03T13:10:00.000-07:00,6,29,0.207
475174,12197,2011-03-12T13:05:00.000-08:00,7,18,0.389
475174,12290,2011-03-17T13:05:00.000-07:00,8,25,0.32
475174,9194,2010-03-16T13:05:00.000-07:00,2,13,0.154
475174,12002,2011-03-01T13:05:00.000-08:00,2,6,0.333
475174,6136,2009-03-09T13:05:00.000-07:00,2,9,0.222
475174,11612,2010-09-11T19:10:00.000-07:00,2,8,0.25
475174,12036,2011-03-03T19:05:00.000-08:00,2,7,0.286
475174,9207,2010-03-17T19:05:00.000-07:00,2,14,0.143
475174,11554,2010-09-07T18:40:00.000-07:00,2,5,0.4
475174,11644,2010-09-14T19:10:00.000-07:00,3,10,0.3
475174,11698,2010-09-18T18:05:00.000-07:00,4,13,0.308
475174,12069,2011-03-05T13:05:00.000-08:00,5,11,0.455
475174,12302,2011-03-18T13:05:00.000-07:00,9,27,0.333
475174,11523,2010-09-05T13:15:00.000-07:00,1,3,0.333
475174,11538,2010-09-06T13:10:00.000-07:00,1,4,0.25
475174,11569,2010-09-08T18:40:00.000-07:00,2,6,0.333
475174,11632,2010-09-13T19:10:00.000-07:00,2,9,0.222
475174,11713,2010-09-19T13:05:00.000-07:00,4,14,0.286
475174,11737,2010-09-21T19:10:00.000-07:00,4,15,0.267
475174,9122,2010-03-11T13:05:00.000-08:00,1,5,0.2
475174,9183,2010-03-15T13:05:00.000-07:00,1,11,0.091
475174,14110,2011-07-26T19:10:00.000-07:00,1,1,1.0
475174,14125,2011-07-27T19:10:00.000-07:00,1,2,0.5
475174,14154,2011-07-29T19:10:00.000-07:00,2,3,0.667
475174,14184,2011-07-31T13:10:00.000-07:00,3,4,0.75
475174,14190,2011-08-01T19:05:00.000-07:00,3,7,0.429
475174,14202,2011-08-02T19:05:00.000-07:00,3,8,0.375
475174,14217,2011-08-03T19:05:00.000-07:00,4,9,0.444
475174,14240,2011-08-05T13:20:00.000-07:00,6,13,0.462
475174,14255,2011-08-06T12:05:00.000-07:00,8,15,0.533
475174,14270,2011-08-07T13:20:00.000-07:00,8,16,0.5
475174,14298,2011-08-09T19:10:00.000-07:00,8,17,0.471
475174,14358,2011-08-13T19:10:00.000-07:00,8,18,0.444
475174,14373,2011-08-14T13:10:00.000-07:00,8,19,0.421
475174,14392,2011-08-16T19:05:00.000-07:00,10,23,0.435
475174,14422,2011-08-18T19:05:00.000-07:00,10,24,0.417
475174,14433,2011-08-19T19:05:00.000-07:00,10,25,0.4
475174,14491,2011-08-23T19:10:00.000-07:00,13,29,0.448
475174,14570,2011-08-28T13:10:00.000-07:00,14,30,0.467
475174,14579,2011-08-29T19:10:00.000-07:00,14,34,0.412
475174,14591,2011-08-30T19:10:00.000-07:00,14,35,0.4
475174,14606,2011-08-31T19:10:00.000-07:00,14,36,0.389
475174,14617,2011-09-01T12:35:00.000-07:00,15,40,0.375
475174,14625,2011-09-02T19:15:00.000-07:00,17,44,0.386
475174,14640,2011-09-03T15:10:00.000-07:00,17,45,0.378
475174,14655,2011-09-04T13:15:00.000-07:00,19,50,0.38
475174,14672,2011-09-05T13:20:00.000-07:00,21,54,0.389
475174,14687,2011-09-06T19:05:00.000-07:00,21,55,0.382
475174,14702,2011-09-07T19:05:00.000-07:00,24,59,0.407
475174,14722,2011-09-09T18:40:00.000-07:00,25,60,0.417
475174,14737,2011-09-10T14:10:00.000-07:00,25,61,0.41
475174,14752,2011-09-11T13:10:00.000-07:00,25,62,0.403
475174,14765,2011-09-12T19:10:00.000-07:00,25,66,0.379
475174,14776,2011-09-13T19:10:00.000-07:00,27,70,0.386
475174,14805,2011-09-15T19:10:00.000-07:00,27,72,0.375
475174,14819,2011-09-16T19:10:00.000-07:00,27,73,0.37
475174,14834,2011-09-17T19:10:00.000-07:00,28,77,0.364
475174,14849,2011-09-18T13:10:00.000-07:00,28,81,0.346
475174,14870,2011-09-20T19:10:00.000-07:00,28,82,0.341
475174,14908,2011-09-23T19:05:00.000-07:00,28,83,0.337
475174,14923,2011-09-24T19:05:00.000-07:00,28,84,0.333
475174,14938,2011-09-25T13:35:00.000-07:00,29,85,0.341
475174,14951,2011-09-26T19:10:00.000-07:00,29,86,0.337
475174,14966,2011-09-27T19:10:00.000-07:00,29,87,0.333
475174,14981,2011-09-28T13:10:00.000-07:00,29,88,0.33
475174,175997,2012-03-28T13:05:00.000-07:00,6,19,0.316
475174,176103,2012-04-05T16:05:00.000-07:00,8,31,0.258
475174,176141,2012-04-08T13:05:00.000-07:00,10,39,0.256
475174,176163,2012-04-10T19:05:00.000-07:00,11,44,0.25
475174,176214,2012-04-13T19:10:00.000-07:00,14,53,0.264
475174,175641,2012-03-05T13:05:00.000-08:00,2,5,0.4
475174,175692,2012-03-08T13:05:00.000-08:00,3,13,0.231
475174,176112,2012-04-06T19:05:00.000-07:00,8,34,0.235
475174,175979,2012-03-27T13:05:00.000-07:00,5,15,0.333
475174,176004,2012-03-29T13:05:00.000-07:00,6,23,0.261
475174,176030,2012-03-30T19:05:00.000-07:00,6,24,0.25
475174,176125,2012-04-07T17:35:00.000-07:00,9,37,0.243
475174,176192,2012-04-12T19:05:00.000-07:00,12,48,0.25
475174,176301,2012-04-19T19:05:00.000-07:00,17,69,0.246
475174,176488,2012-05-02T15:35:00.000-07:00,20,83,0.241
475174,176513,2012-05-04T19:05:00.000-07:00,24,90,0.267
475174,175625,2012-03-04T13:05:00.000-08:00,1,2,0.5
475174,175656,2012-03-06T13:05:00.000-08:00,2,7,0.286
475174,175673,2012-03-07T13:05:00.000-08:00,3,10,0.3
475174,176045,2012-03-31T18:05:00.000-07:00,8,27,0.296
475174,176230,2012-04-14T18:10:00.000-07:00,14,56,0.25
475174,176246,2012-04-15T13:10:00.000-07:00,15,57,0.263
475174,176257,2012-04-16T18:40:00.000-07:00,17,62,0.274
475174,176272,2012-04-17T18:40:00.000-07:00,17,63,0.27
475174,176288,2012-04-18T18:40:00.000-07:00,17,67,0.254
475174,176415,2012-04-27T19:15:00.000-07:00,18,73,0.247
475174,176431,2012-04-28T18:05:00.000-07:00,19,77,0.247
475174,176588,2012-05-09T12:35:00.000-07:00,31,108,0.287
475174,176707,2012-05-17T19:05:00.000-07:00,37,131,0.282
475174,176717,2012-05-18T19:05:00.000-07:00,38,135,0.281
475174,176733,2012-05-19T19:05:00.000-07:00,39,138,0.283
475174,176749,2012-05-20T13:05:00.000-07:00,41,142,0.289
475174,176472,2012-05-01T19:05:00.000-07:00,19,79,0.241
475174,176529,2012-05-05T17:35:00.000-07:00,25,94,0.266
475174,176545,2012-05-06T13:05:00.000-07:00,26,98,0.265
475174,176559,2012-05-07T19:05:00.000-07:00,28,101,0.277
475174,176572,2012-05-08T19:05:00.000-07:00,29,104,0.279
475174,176615,2012-05-11T19:05:00.000-07:00,33,112,0.295
475174,176631,2012-05-12T19:05:00.000-07:00,34,115,0.296
475174,176647,2012-05-13T13:35:00.000-07:00,34,118,0.288
475174,176666,2012-05-14T19:05:00.000-07:00,36,122,0.295
475174,176682,2012-05-15T13:05:00.000-07:00,37,127,0.291
475174,176774,2012-05-21T19:15:00.000-07:00,43,145,0.297
475174,176790,2012-05-22T19:15:00.000-07:00,44,148,0.297
475174,176806,2012-05-23T19:15:00.000-07:00,45,152,0.296
475174,176816,2012-05-24T19:10:00.000-07:00,47,156,0.301
475174,176829,2012-05-25T19:10:00.000-07:00,48,160,0.3
475174,176845,2012-05-26T13:10:00.000-07:00,49,164,0.299
475174,176861,2012-05-27T13:10:00.000-07:00,50,168,0.298
475174,176879,2012-05-28T13:20:00.000-07:00,50,173,0.289
475174,176895,2012-05-29T13:20:00.000-07:00,50,177,0.282
475174,176911,2012-05-30T13:20:00.000-07:00,50,181,0.276
475174,176919,2012-06-01T19:05:00.000-07:00,51,184,0.277
475174,176935,2012-06-02T16:15:00.000-07:00,52,188,0.277
475174,176951,2012-06-03T15:35:00.000-07:00,52,192,0.271
475174,176985,2012-06-05T19:05:00.000-07:00,52,196,0.265
475174,177001,2012-06-06T15:35:00.000-07:00,52,197,0.264
475174,177015,2012-06-07T12:35:00.000-07:00,52,201,0.259
475174,177046,2012-06-09T15:10:00.000-07:00,54,205,0.263
475174,177062,2012-06-10T13:10:00.000-07:00,55,210,0.262
475174,177087,2012-06-12T19:10:00.000-07:00,56,214,0.262
475174,177103,2012-06-13T19:10:00.000-07:00,56,215,0.26
475174,177115,2012-06-14T19:10:00.000-07:00,57,216,0.264
475174,177130,2012-06-15T19:05:00.000-07:00,57,218,0.261
475174,177146,2012-06-16T13:05:00.000-07:00,57,219,0.26
475174,177162,2012-06-17T13:05:00.000-07:00,57,219,0.26
475174,177171,2012-06-18T19:05:00.000-07:00,57,221,0.258
475174,177187,2012-06-19T19:05:00.000-07:00,58,225,0.258
475174,177203,2012-06-20T15:35:00.000-07:00,58,229,0.253
475174,177221,2012-06-22T19:05:00.000-07:00,59,233,0.253
475174,177237,2012-06-23T19:05:00.000-07:00,61,237,0.257
488795,3129,2008-03-08T13:05:00.000-08:00,1,2,0.5
488795,6243,2009-03-17T13:05:00.000-07:00,5,16,0.313
488795,9437,2010-04-01T12:05:00.000-07:00,3,8,0.375
488795,5967,2009-02-26T13:05:00.000-08:00,0,2,0.0
488795,9025,2010-03-05T13:05:00.000-08:00,0,2,0.0
488795,9101,2010-03-10T13:05:00.000-08:00,0,4,0.0
488795,445,2007-03-29T12:05:00.000-07:00,0,3,0.0
488795,5947,2009-02-25T13:05:00.000-08:00,0,1,0.0
488795,3323,2008-03-20T13:05:00.000-07:00,1,3,0.333
488795,3413,2008-03-27T12:05:00.000-07:00,1,4,0.25
488795,5979,2009-02-27T13:05:00.000-08:00,0,3,0.0
488795,6020,2009-03-02T13:10:00.000-08:00,0,6,0.0
488795,6097,2009-03-06T13:05:00.000-08:00,1,10,0.1
488795,5989,2009-02-28T13:05:00.000-08:00,0,4,0.0
488795,6067,2009-03-05T13:05:00.000-08:00,0,9,0.0
488795,6101,2009-03-07T13:05:00.000-08:00,2,12,0.167
488795,6183,2009-03-13T13:05:00.000-07:00,3,14,0.214
488795,12324,2011-03-19T13:05:00.000-07:00,0,1,0.0
488795,6063,2009-03-04T13:05:00.000-08:00,0,7,0.0
488795,6133,2009-03-09T13:05:00.000-07:00,2,13,0.154
488795,9066,2010-03-08T13:05:00.000-08:00,0,3,0.0
488795,9313,2010-03-24T13:05:00.000-07:00,1,5,0.2
502154,13611,2011-06-17T19:05:00.000-07:00,1,2,0.5
502154,13682,2011-06-22T12:35:00.000-07:00,3,5,0.6
502154,13822,2011-07-03T13:35:00.000-07:00,5,8,0.625
506987,8999,2010-03-03T18:05:00.000-08:00,0,2,0.0
506987,27,2007-03-02T18:05:00.000-08:00,0,1,0.0
506987,5945,2009-02-25T13:05:00.000-08:00,0,1,0.0
518401,12489,2011-03-29T13:10:00.000-07:00,0,3,0.0
518401,12422,2011-03-25T13:05:00.000-07:00,0,1,0.0
518401,12506,2011-03-30T19:10:00.000-07:00,0,4,0.0
518401,176045,2012-03-31T18:05:00.000-07:00,1,4,0.25
518590,12468,2011-03-28T13:05:00.000-07:00,0,3,0.0
518590,12452,2011-03-27T13:05:00.000-07:00,0,1,0.0
518706,12427,2011-03-26T13:05:00.000-07:00,7,13,0.538
518706,9436,2010-04-01T12:05:00.000-07:00,2,17,0.118
518706,12354,2011-03-21T19:05:00.000-07:00,6,11,0.545
518706,12018,2011-03-02T13:05:00.000-08:00,1,2,0.5
518706,12068,2011-03-05T13:05:00.000-08:00,2,4,0.5
518706,9418,2010-03-31T13:05:00.000-07:00,0,12,0.0
518706,12178,2011-03-11T13:05:00.000-08:00,4,7,0.571
518706,12288,2011-03-17T13:05:00.000-07:00,5,9,0.556
518706,9131,2010-03-12T19:05:00.000-08:00,0,2,0.0
518706,9142,2010-03-13T13:05:00.000-08:00,0,3,0.0
518706,9322,2010-03-25T13:05:00.000-07:00,0,6,0.0
518706,9371,2010-03-28T13:05:00.000-07:00,0,9,0.0
518706,9304,2010-03-23T13:05:00.000-07:00,0,4,0.0
518706,12160,2011-03-10T13:05:00.000-08:00,4,6,0.667
518706,12106,2011-03-07T13:05:00.000-08:00,3,5,0.6
518706,12244,2011-03-14T13:05:00.000-07:00,5,8,0.625
518706,12386,2011-03-23T13:05:00.000-07:00,6,12,0.5
518706,12052,2011-03-04T13:05:00.000-08:00,2,3,0.667
518706,175989,2012-03-28T13:10:00.000-07:00,0,6,0.0
518706,175635,2012-03-05T13:05:00.000-08:00,0,1,0.0
518706,175670,2012-03-07T13:05:00.000-08:00,0,2,0.0
518706,175682,2012-03-08T13:05:00.000-08:00,0,3,0.0
519490,12185,2011-03-11T13:05:00.000-08:00,0,1,0.0
521310,6194,2009-03-13T13:05:00.000-07:00,0,1,0.0
521310,6415,2009-03-29T13:05:00.000-07:00,0,2,0.0
521310,12330,2011-03-19T13:05:00.000-07:00,2,3,0.667
521310,9329,2010-03-25T13:05:00.000-07:00,0,1,0.0
521310,9382,2010-03-28T13:05:00.000-07:00,0,2,0.0
521310,12153,2011-03-09T13:05:00.000-08:00,2,2,1.0
545341,12367,2011-03-22T18:05:00.000-07:00,1,2,0.5
600292,11955,2011-02-25T13:05:00.000-08:00,2,4,0.5
600292,175602,2012-03-02T13:05:00.000-08:00,1,2,0.5
